000000000000000000000000000000000000000000000000000000000000000000000000000
000000000000000000000000000000000000000000000000000000000000000000000000000
000000000000000000000000000000000011111111101111111000000000000000000000000
000000000000000000000000000111011111111111101111111111111011100000000000000
000000000000000000000000111111011111111111101111111111111011111110000000000
000000000000000000000011111111011111111111101111111111111011111111111100000
000111111111111101111111111111011111111111101111111111111011111111111110000
000111111111111101111111111111011111111111101111111111111011111111111110000
000111111111111101111111111111011111111111101111111111111011111111111110000
000111111111111101111111111111011111111111101111111111111011111111111110000
000111111111111101111111111111011111111111101111111111111011111111111110000
000111111111111101111111111111011111111111101111111111111011111111111110000
000111111111111101111111111111010000000000101111111111111011111111111110000
000111111111111101111111111111011111111111101111111111111011111111111110000
000111111111111101111111111111011111111111101111111111111011111111111110000
000111111111111101111111111111011111111111101111111111111011111111111110000
000111111111111101111111111111011111111111101111111111111011111111111110000
000111111111111101111111111111011111111111101111111111111011111111111110000
000111111111111101111111111111011111111111101111111111111011111111111110000
000111111111111101111111111111011111111111101111111111111011111111111110000
000111111111111101111111111111011111111111101111111111111011111111111110000
000000011111111101111111111111011100000011101111111100000011111111100000000
000000000000001101111111110010011111111111100100111100000011001111100000000
000000000000001100000000000111111111111111111110000000000011100000000000000
000111111111111111111111111111111111111111111111111111111111111111110000000
000111111111111111111111111111111111111111111111111111111111111111110000000
000111111000000001111111111111111111111111111111111111111111111111110000000
001111111000000001100000000000001100110011000000000001100000001100110000000
000000000000000001111111111111001110111011101111111111100001111101111111000
000000000000001111111111111111001110111011101111111111100001111101111111000
000000000000001111111101111111001110111011101111111101100001111101111111000
000000000000001111111101111111001110111011101111111101100001111101111111000
000000000000000000000000000000000000000000000000000000000000000000000000000
000000000000000000000000000000000000000000000000000000000000000000000000000
000000000000000000000000000000000000000000000000000000000000000000000000000
